E:\res\MusicRecognition\piano_test\13.wav: 16426.816928,328		8423.739139,113		8250.715376,333		8013.147529,274		7860.011494,495		

E:\res\MusicRecognition\piano_test\13.wav: 17348.060270,328		9387.375871,220		8724.282289,274		7315.563554,495		6728.074224,107		

E:\res\MusicRecognition\piano_test\13.wav: 15262.348875,328		8513.227904,274		7797.672933,220		6463.688029,495		5628.833650,107		

E:\res\MusicRecognition\piano_test\13.wav: 12792.037201,328		7951.929070,274		6947.748430,220		4831.861955,166		4787.701388,495		

E:\res\MusicRecognition\piano_test\13.wav: 10530.833729,328		6889.114243,274		5941.217982,220		4732.152765,166		3456.258447,495		

E:\res\MusicRecognition\piano_test\13.wav: 8207.161499,328		5421.769472,220		5316.001828,274		4402.785999,166		2975.332837,161		

E:\res\MusicRecognition\piano_test\13.wav: 6240.743579,328		4825.419975,220		4222.431719,274		4150.693452,166		2728.761269,161		

E:\res\MusicRecognition\piano_test\13.wav: 4407.678133,328		3894.349072,220		3804.821875,166		3676.582289,274		2510.551418,161		

E:\res\MusicRecognition\piano_test\13.wav: 3507.623819,166		3251.525722,220		3162.669750,328		2872.225258,274		2360.407600,161		

E:\res\MusicRecognition\piano_test\13.wav: 3384.958584,166		2987.760041,220		2873.155213,328		2663.746105,274		2335.636635,161		

E:\res\MusicRecognition\piano_test\13.wav: 3250.244031,166		3005.009650,220		2881.163854,328		2478.596405,274		2277.970256,161		

E:\res\MusicRecognition\piano_test\13.wav: 3117.824499,166		2974.286557,220		2896.468070,328		2135.228506,274		2102.930446,161		

E:\res\MusicRecognition\piano_test\13.wav: 2948.895790,166		2643.123396,220		2552.569707,328		2153.044859,274		1992.758789,161		

E:\res\MusicRecognition\piano_test\13.wav: 2787.465408,166		2436.439599,328		2399.376327,220		1980.210278,274		1912.375001,161		

E:\res\MusicRecognition\piano_test\13.wav: 2687.362404,166		2526.402787,328		2289.513694,220		1906.951031,274		1828.626113,161		

E:\res\MusicRecognition\piano_test\13.wav: 2525.195780,166		2469.792093,328		2234.388661,220		1766.977921,161		1752.782652,274		

E:\res\MusicRecognition\piano_test\13.wav: 2421.756618,166		2341.296253,328		2274.152144,220		1606.634677,161		1482.296108,274		

E:\res\MusicRecognition\piano_test\13.wav: 2252.544356,166		2009.058460,220		2005.737519,328		1555.152175,161		1534.877466,274		

E:\res\MusicRecognition\piano_test\13.wav: 2148.441693,166		1932.979576,328		1824.270487,220		1493.718065,274		1458.510854,161		

E:\res\MusicRecognition\piano_test\13.wav: 2052.596257,166		1899.342799,328		1726.969487,220		1413.558715,274		1383.071613,161		

E:\res\MusicRecognition\piano_test\13.wav: 1886.053793,166		1679.930012,220		1666.788959,328		1315.737552,274		1302.434684,161		

E:\res\MusicRecognition\piano_test\13.wav: 1698.598271,166		1629.404102,220		1467.110976,328		1154.971581,161		1041.959620,274		

E:\res\MusicRecognition\piano_test\13.wav: 1416.976291,166		1357.677167,220		1176.443057,328		998.548652,161		982.673451,274		

E:\res\MusicRecognition\piano_test\13.wav: 1226.071185,166		1160.221687,220		1102.449528,328		974.261761,274		861.659471,161		

E:\res\MusicRecognition\piano_test\13.wav: 1060.449720,220		1034.108813,166		998.836299,328		717.959323,161		680.550981,274		

E:\res\MusicRecognition\piano_test\13.wav: 1034.854806,220		933.217414,166		863.727568,328		661.235428,161		557.147061,274		

E:\res\MusicRecognition\piano_test\13.wav: 1023.440165,220		877.612190,166		812.209305,328		595.782807,161		507.672795,107		

E:\res\MusicRecognition\piano_test\13.wav: 954.096384,220		828.860647,166		744.955385,328		563.681174,161		495.560991,274		

E:\res\MusicRecognition\piano_test\13.wav: 872.319379,220		783.202613,166		739.183620,328		516.049414,161		440.346150,274		

E:\res\MusicRecognition\piano_test\17.wav: 18188.492738,139		14270.663462,134		12987.860840,209		10357.402075,204		5082.418628,145		

E:\res\MusicRecognition\piano_test\17.wav: 24896.374395,139		12614.409759,209		11452.941159,134		8136.262860,204		5713.347627,484		

E:\res\MusicRecognition\piano_test\17.wav: 27478.317705,139		12330.999690,134		10323.717852,209		6055.304335,484		6018.446504,145		

E:\res\MusicRecognition\piano_test\17.wav: 27125.944835,139		12110.523819,134		9419.329555,209		6324.406901,145		5449.976064,204		

E:\res\MusicRecognition\piano_test\17.wav: 25811.681057,139		12326.270894,134		7502.868840,209		6105.930626,145		5290.898770,204		

E:\res\MusicRecognition\piano_test\17.wav: 24592.749665,139		10970.753547,134		6095.485969,145		5858.155758,209		4809.485239,204		

E:\res\MusicRecognition\piano_test\17.wav: 22630.361741,139		10227.170558,134		5531.850481,145		4750.775773,209		4084.899490,129		

E:\res\MusicRecognition\piano_test\17.wav: 20833.762373,139		8861.916542,134		4804.116134,145		3713.091379,209		3653.441661,129		

E:\res\MusicRecognition\piano_test\17.wav: 19364.870056,139		7893.835676,134		4580.510061,145		3176.766914,129		2940.388321,209		

E:\res\MusicRecognition\piano_test\17.wav: 18025.927275,139		7595.033052,134		4180.558522,145		3125.637241,129		3087.876527,209		

E:\res\MusicRecognition\piano_test\17.wav: 17301.351091,139		7223.029651,134		4161.425801,145		3071.815532,209		2888.989450,129		

E:\res\MusicRecognition\piano_test\17.wav: 16761.975195,139		7318.354366,134		3956.913723,145		3153.598598,209		2978.641280,129		

E:\res\MusicRecognition\piano_test\17.wav: 16085.037671,139		6811.458981,134		3691.187545,145		2858.297453,209		2790.107494,129		

E:\res\MusicRecognition\piano_test\17.wav: 14973.165463,139		6263.719343,134		3508.707275,145		2555.200687,209		2511.699773,129		

E:\res\MusicRecognition\piano_test\17.wav: 13898.910239,139		6063.843474,134		3168.109910,145		2770.243194,209		2583.683881,129		

E:\res\MusicRecognition\piano_test\17.wav: 13477.956817,139		5757.529170,134		3153.979681,145		2943.048064,209		2340.542280,129		

E:\res\MusicRecognition\piano_test\17.wav: 12831.617094,139		5715.715408,134		2929.605957,145		2791.265947,209		2357.872903,129		

E:\res\MusicRecognition\piano_test\17.wav: 11899.589221,139		5103.157448,134		2673.693466,145		2384.369245,209		2149.763546,129		

E:\res\MusicRecognition\piano_test\17.wav: 11050.862061,139		4619.459434,134		2535.596825,145		2304.405365,209		1898.341856,129		

E:\res\MusicRecognition\piano_test\17.wav: 10241.468784,139		4515.897697,134		2241.971896,145		2236.792138,209		1925.190750,129		

E:\res\MusicRecognition\piano_test\17.wav: 9870.068872,139		4233.499599,134		2227.854894,209		2225.310273,145		1734.005711,129		

E:\res\MusicRecognition\piano_test\17.wav: 9360.093807,139		4077.339420,134		2066.343095,145		2051.523495,209		1681.158975,129		

E:\res\MusicRecognition\piano_test\17.wav: 8483.452540,139		3643.042902,134		1937.044874,145		1581.661396,209		1514.261875,129		

E:\res\MusicRecognition\piano_test\17.wav: 7553.924605,139		3156.796228,134		1718.371893,145		1535.813170,209		1283.967441,129		

E:\res\MusicRecognition\piano_test\17.wav: 6662.555682,139		2862.141779,134		1481.843597,145		1378.994710,129		1375.046804,209		

E:\res\MusicRecognition\piano_test\17.wav: 6129.077944,139		2620.890595,134		1448.410274,145		1121.990941,209		1054.376194,129		

E:\res\MusicRecognition\piano_test\17.wav: 5564.546411,139		2339.384087,134		1273.255584,145		1036.804177,209		987.519827,129		

E:\res\MusicRecognition\piano_test\17.wav: 5071.762241,139		2101.946743,134		1168.113089,145		877.432602,129		850.219278,209		

E:\res\MusicRecognition\piano_test\17.wav: 4732.813049,139		1928.356718,134		1123.679911,145		815.734805,209		775.147358,129		

E:\res\MusicRecognition\piano_test\17.wav: 4468.405214,139		1885.810407,134		1029.952142,145		805.979831,209		775.062033,129		

E:\res\MusicRecognition\piano_test\17.wav: 4315.723477,139		1940.594001,134		974.791602,209		961.106848,145		813.780394,129		

E:\res\MusicRecognition\piano_test\25.wav: 28751.201359,220		10482.640636,113		7309.732508,215		6830.022734,328		6617.263398,107		

E:\res\MusicRecognition\piano_test\25.wav: 31030.347653,220		8451.489742,107		7079.066310,113		6181.006551,441		6019.354603,328		

E:\res\MusicRecognition\piano_test\25.wav: 27519.458312,220		9880.856205,107		7429.771748,113		6840.357743,441		4923.120268,328		

E:\res\MusicRecognition\piano_test\25.wav: 23894.914456,220		9443.026602,107		7418.857024,113		6236.307242,441		4295.604858,328		

E:\res\MusicRecognition\piano_test\25.wav: 20523.936425,220		9064.294733,107		6585.353131,113		5190.004798,441		3813.487415,328		

E:\res\MusicRecognition\piano_test\25.wav: 16245.107734,220		7857.187970,107		5762.619128,113		4379.824621,441		2952.737592,215		

E:\res\MusicRecognition\piano_test\25.wav: 12897.633237,220		6522.336263,107		4993.815459,113		3623.372928,441		2363.557295,215		

E:\res\MusicRecognition\piano_test\25.wav: 10163.430572,220		5497.936071,107		4116.973750,113		2945.171406,441		2182.120884,328		

E:\res\MusicRecognition\piano_test\25.wav: 7531.758423,220		4439.802317,107		3464.424482,113		2453.461801,441		1926.982890,328		

E:\res\MusicRecognition\piano_test\25.wav: 5899.775919,220		3765.075664,107		2712.093601,113		1939.100816,441		1839.680486,328		

E:\res\MusicRecognition\piano_test\25.wav: 4831.490840,220		3238.109367,107		2367.528336,113		1563.822207,328		1370.446806,441		

E:\res\MusicRecognition\piano_test\25.wav: 4850.330307,220		3118.124078,107		2190.864614,113		1505.208760,328		1303.764839,441		

E:\res\MusicRecognition\piano_test\25.wav: 4544.782056,220		2898.837495,107		2090.082510,113		1484.538467,328		1384.050174,441		

E:\res\MusicRecognition\piano_test\25.wav: 4080.696115,220		2590.907970,107		1965.328084,113		1341.787213,328		1329.604892,441		

E:\res\MusicRecognition\piano_test\25.wav: 3829.158600,220		2392.893211,107		1781.582993,113		1344.208480,328		1120.152176,441		

E:\res\MusicRecognition\piano_test\25.wav: 3645.631493,220		2272.680598,107		1710.052433,113		1122.971397,328		1000.671624,441		

E:\res\MusicRecognition\piano_test\25.wav: 3525.000447,220		2241.811587,107		1506.420455,113		1048.287709,328		1014.182968,441		

E:\res\MusicRecognition\piano_test\25.wav: 3219.166534,220		2035.615333,107		1461.850681,113		987.951593,441		967.624584,328		

E:\res\MusicRecognition\piano_test\25.wav: 2939.350204,220		1851.361389,107		1358.494405,113		859.384114,328		804.382864,441		

E:\res\MusicRecognition\piano_test\25.wav: 2943.196994,220		1799.223827,107		1298.318277,113		852.391507,328		700.736775,441		

E:\res\MusicRecognition\piano_test\25.wav: 2743.213660,220		1664.226594,107		1292.432570,113		786.980593,328		665.857340,441		

E:\res\MusicRecognition\piano_test\25.wav: 2582.459458,220		1559.456909,107		1171.423967,113		797.729673,328		652.829739,441		

E:\res\MusicRecognition\piano_test\25.wav: 2265.409634,220		1440.392685,107		1089.116413,113		703.300047,328		559.584191,441		

E:\res\MusicRecognition\piano_test\25.wav: 2281.185497,220		1440.437499,107		967.053818,113		672.599346,328		492.723282,441		

E:\res\MusicRecognition\piano_test\25.wav: 2150.466566,220		1340.812727,107		920.233641,113		627.460129,328		491.789149,441		

E:\res\MusicRecognition\piano_test\25.wav: 1883.359088,220		1142.313258,107		882.071153,113		547.967987,328		422.128491,441		

E:\res\MusicRecognition\piano_test\25.wav: 1685.578281,220		1048.324651,107		770.283142,113		526.092901,328		355.580482,441		

E:\res\MusicRecognition\piano_test\25.wav: 1534.274310,220		938.410264,107		700.611369,113		433.597612,328		349.224452,215		

E:\res\MusicRecognition\piano_test\25.wav: 1419.195088,220		926.479348,107		476.130773,113		458.114931,328		369.028514,102		

E:\res\MusicRecognition\piano_test\25.wav: 1232.190689,220		743.153246,107		545.681094,113		298.995869,328		241.190854,215		

E:\res\MusicRecognition\piano_test\25.wav: 1071.435509,220		620.602552,107		484.418812,113		285.937273,328		227.934720,441		

E:\res\MusicRecognition\piano_test\35.wav: 21193.136341,392		8727.025715,188		6717.938374,387		6001.237573,2589		5098.214198,193		

E:\res\MusicRecognition\piano_test\35.wav: 21052.799277,392		3704.074621,387		3559.406137,586		3151.910397,2589		2767.271019,398		

E:\res\MusicRecognition\piano_test\35.wav: 13645.806467,392		2424.103957,193		2418.723736,586		2160.695002,387		2053.951694,199		

E:\res\MusicRecognition\piano_test\35.wav: 10037.781891,392		3130.082037,193		2228.336016,199		1914.316788,387		1669.346676,586		

E:\res\MusicRecognition\piano_test\35.wav: 6811.154236,392		3295.934128,193		2469.808759,199		1304.999920,387		1222.316495,188		

E:\res\MusicRecognition\piano_test\35.wav: 4541.048796,392		3277.312849,193		2362.778341,199		1011.350305,188		881.509376,387		

E:\res\MusicRecognition\piano_test\35.wav: 3148.537816,193		3020.880501,392		2149.055403,199		938.876844,188		734.156308,204		

E:\res\MusicRecognition\piano_test\35.wav: 2843.326871,193		2009.692300,199		1856.629330,392		830.238014,188		667.547112,204		

E:\res\MusicRecognition\piano_test\35.wav: 2543.495364,193		1692.859540,199		1052.437154,392		719.926189,188		580.017507,204		

E:\res\MusicRecognition\piano_test\35.wav: 2124.047266,193		1449.975796,199		1224.009411,392		570.182017,188		495.954764,204		

E:\res\MusicRecognition\piano_test\35.wav: 1919.860811,193		1354.121831,392		1270.828970,199		548.564330,188		421.296446,204		

E:\res\MusicRecognition\piano_test\35.wav: 1821.560726,193		1247.932872,392		1180.648604,199		531.542469,188		405.290126,204		

E:\res\MusicRecognition\piano_test\35.wav: 1665.891026,193		1064.266570,199		789.634790,392		453.767004,188		406.979449,204		

E:\res\MusicRecognition\piano_test\35.wav: 1495.282573,193		1043.338865,392		927.597802,199		405.965080,188		365.328872,204		

E:\res\MusicRecognition\piano_test\35.wav: 1443.626144,193		1077.801489,392		864.847786,199		428.564424,188		349.700604,204		

E:\res\MusicRecognition\piano_test\35.wav: 1371.642131,193		909.432415,392		823.331062,199		389.039797,188		348.059246,204		

E:\res\MusicRecognition\piano_test\35.wav: 1269.190630,193		724.059129,199		624.352720,392		342.585749,188		314.163207,204		

E:\res\MusicRecognition\piano_test\35.wav: 1159.872440,193		748.522678,392		684.230598,199		324.164998,188		309.047082,204		

E:\res\MusicRecognition\piano_test\35.wav: 1127.418188,193		736.690729,392		687.547733,199		321.987418,188		301.586250,204		

E:\res\MusicRecognition\piano_test\35.wav: 1137.810895,193		661.155197,199		522.705976,392		299.226271,188		284.205611,204		

E:\res\MusicRecognition\piano_test\35.wav: 1049.038320,193		647.158894,199		426.788723,392		290.257656,188		277.262287,204		

E:\res\MusicRecognition\piano_test\35.wav: 1006.624911,193		629.872231,199		531.174160,392		287.942038,188		265.909352,204		

E:\res\MusicRecognition\piano_test\35.wav: 961.706990,193		623.850483,199		476.806657,392		255.283219,188		229.297618,204		

E:\res\MusicRecognition\piano_test\35.wav: 886.383208,193		554.794446,199		310.155588,392		234.421906,188		200.807034,204		

E:\res\MusicRecognition\piano_test\35.wav: 768.840273,193		479.267783,199		340.045899,392		214.706119,188		156.290002,204		

E:\res\MusicRecognition\piano_test\35.wav: 705.282949,193		482.437684,199		357.713775,188		347.724935,392		230.963888,183		

E:\res\MusicRecognition\piano_test\35.wav: 652.394711,193		401.084366,199		292.169045,392		161.445533,188		108.422530,204		

E:\res\MusicRecognition\piano_test\35.wav: 542.720537,193		356.029271,199		169.667959,392		150.747617,188		124.223351,204		

E:\res\MusicRecognition\piano_test\49.wav: 36147.661193,441		9250.817775,436		5404.523204,1324		5324.001114,1318		4210.612624,430		

E:\res\MusicRecognition\piano_test\49.wav: 33987.228574,441		7929.360168,436		4517.597263,446		3658.053363,430		3026.585368,452		

E:\res\MusicRecognition\piano_test\49.wav: 21251.760016,441		5877.317628,436		3798.914459,446		2598.689693,430		2234.273991,452		

E:\res\MusicRecognition\piano_test\49.wav: 11810.149546,441		3208.829027,436		2120.724424,446		1440.844537,430		1249.326888,452		

E:\res\MusicRecognition\piano_test\49.wav: 5680.717134,441		1573.538449,436		1043.394603,446		677.228493,430		615.401320,452		

E:\res\MusicRecognition\piano_test\49.wav: 2343.705873,441		741.802639,436		499.575740,446		301.769897,1771		300.233670,430		

E:\res\MusicRecognition\piano_test\49.wav: 751.199502,441		344.647345,436		223.195878,446		178.227440,1771		145.303354,430		

E:\res\MusicRecognition\piano_test\49.wav: 174.947307,436		156.654703,1771		125.476173,441		93.005687,48		85.419144,446		

E:\res\MusicRecognition\piano_test\49.wav: 473.911235,441		142.255471,436		116.947715,1771		84.541013,446		65.293121,430		

E:\res\MusicRecognition\piano_test\49.wav: 640.078628,441		147.490519,436		97.911381,1771		89.211079,37		69.584767,48		

E:\res\MusicRecognition\piano_test\49.wav: 452.368160,441		100.063820,436		89.494837,32		84.948807,1771		76.617540,446		

E:\res\MusicRecognition\piano_test\49.wav: 304.231008,441		112.800156,43		106.090090,436		83.616888,1771		70.257496,446		

E:\res\MusicRecognition\piano_test\49.wav: 299.351017,441		102.046655,436		74.619540,1771		65.313309,446		63.588145,43		

E:\res\MusicRecognition\piano_test\49.wav: 327.518696,441		101.212516,32		62.490158,436		59.142913,1771		48.884186,43		

E:\res\MusicRecognition\piano_test\49.wav: 222.768722,441		105.895580,43		98.534673,26		66.452588,436		65.458259,1771		

E:\res\MusicRecognition\piano_test\49.wav: 201.803283,441		116.980784,37		73.461887,43		70.755227,1771		66.715546,436		

E:\res\MusicRecognition\piano_test\49.wav: 254.488035,441		83.805904,436		76.295818,37		73.268607,26		68.362398,53		

E:\res\MusicRecognition\piano_test\49.wav: 226.929031,441		107.896730,43		99.510533,32		83.319055,53		57.007918,1771		

E:\res\MusicRecognition\piano_test\49.wav: 151.050867,441		66.227122,53		51.452286,436		47.623311,37		46.453338,1771		

E:\res\MusicRecognition\piano_test\49.wav: 162.009126,441		63.563148,43		50.294197,436		45.025426,53		38.461794,37		

E:\res\MusicRecognition\piano_test\49.wav: 196.635309,441		75.837759,48		68.128946,26		66.902360,53		52.558137,436		

E:\res\MusicRecognition\piano_test\49.wav: 143.692540,441		113.419216,48		51.644800,43		45.109451,26		41.888893,59		

E:\res\MusicRecognition\piano_test\49.wav: 113.770026,441		71.768800,43		68.785339,26		62.543621,53		47.683984,48		

E:\res\MusicRecognition\piano_test\49.wav: 121.587917,441		51.363877,118		49.643559,32		49.440983,59		44.146983,4161		

E:\res\MusicRecognition\piano_test\49.wav: 132.780241,441		76.105942,43		50.211624,53		35.756390,37		35.312803,48		

E:\res\MusicRecognition\piano_test\49.wav: 164.405432,177		161.409490,172		150.677765,161		145.978606,156		138.690370,183		

E:\res\MusicRecognition\piano_test\49.wav: 147.872386,177		118.299728,26		114.236407,172		111.008852,183		95.791705,199		

E:\res\MusicRecognition\piano_test\49.wav: 97.350590,48		88.373578,43		77.284897,441		61.325174,26		54.636548,123		

E:\res\MusicRecognition\piano_test\49.wav: 125.296656,48		86.869497,441		63.211527,43		47.056690,26		43.419673,37		

E:\res\MusicRecognition\piano_test\49.wav: 90.718207,32		60.336495,441		37.731982,53		36.457068,48		35.586124,26		

E:\res\MusicRecognition\piano_test\62.wav: 6901.670170,936		2956.642676,931		1791.660069,1878		1470.164586,1873		1469.131091,942		

E:\res\MusicRecognition\piano_test\62.wav: 2008.325409,936		816.314038,1878		665.721956,931		513.899660,1873		390.822657,942		

E:\res\MusicRecognition\piano_test\62.wav: 747.500552,936		280.135098,931		176.677714,1873		172.311423,942		164.706885,1878		

E:\res\MusicRecognition\piano_test\62.wav: 200.332054,936		88.588705,931		61.613955,59		56.633267,942		54.343775,53		

E:\res\MusicRecognition\piano_test\62.wav: 102.372920,134		66.533796,139		60.478667,37		59.244518,123		47.510241,48		

E:\res\MusicRecognition\piano_test\62.wav: 94.003122,936		92.126039,26		59.222370,43		48.313878,1878		36.267738,59		

E:\res\MusicRecognition\piano_test\62.wav: 117.856019,936		68.807097,37		53.725100,53		53.668817,32		51.666845,43		

E:\res\MusicRecognition\piano_test\62.wav: 112.062042,936		79.814576,26		47.942488,43		46.798609,53		45.309848,48		

E:\res\MusicRecognition\piano_test\62.wav: 105.508220,936		55.917497,26		51.097212,37		49.956388,64		49.512688,48		

E:\res\MusicRecognition\piano_test\62.wav: 88.873440,936		78.180232,26		50.147701,32		49.457984,43		41.242630,48		

E:\res\MusicRecognition\piano_test\62.wav: 77.920990,936		66.967270,26		48.640444,32		48.061025,48		44.671548,37		

E:\res\MusicRecognition\piano_test\62.wav: 61.432532,936		49.290578,53		47.492228,32		45.305376,37		33.718894,43		

E:\res\MusicRecognition\piano_test\62.wav: 56.554146,936		51.644067,48		44.390104,32		40.959252,37		33.146107,118		

E:\res\MusicRecognition\piano_test\62.wav: 80.756522,37		46.655025,936		45.838487,123		44.387201,32		42.235956,785		

E:\res\MusicRecognition\piano_test\62.wav: 109.428808,32		76.269429,26		57.855107,43		43.481319,37		42.997901,123		

E:\res\MusicRecognition\piano_test\62.wav: 52.349401,32		47.197535,26		46.935822,59		45.742113,936		41.229857,48		

E:\res\MusicRecognition\piano_test\62.wav: 54.131953,53		41.715109,936		40.889900,48		40.095147,118		38.922785,37		

E:\res\MusicRecognition\piano_test\62.wav: 123.745413,32		59.945156,37		36.975120,26		34.521003,118		33.358585,936		

E:\res\MusicRecognition\piano_test\62.wav: 54.643433,26		52.080423,37		47.156043,118		26.506918,48		26.147292,123		

E:\res\MusicRecognition\piano_test\62.wav: 66.319452,48		37.155968,118		31.160913,26		28.497216,936		22.786309,32		

E:\res\MusicRecognition\piano_test\62.wav: 64.174029,32		51.300390,59		46.500820,37		39.973774,118		36.127249,26		

E:\res\MusicRecognition\piano_test\62.wav: 35.222482,247		31.155495,150		27.618473,123		26.784906,936		26.468311,37		

E:\res\MusicRecognition\piano_test\62.wav: 62.306166,32		55.422458,26		45.880458,118		40.637259,48		40.314576,59		

E:\res\MusicRecognition\piano_test\62.wav: 59.204903,26		39.949741,118		38.488031,48		36.223362,32		33.255620,53		

E:\res\MusicRecognition\piano_test\62.wav: 200.023285,118		187.667610,123		143.567159,172		141.463585,134		137.669086,113		

E:\res\MusicRecognition\piano_test\62.wav: 53.236061,53		47.622110,123		46.943549,32		46.493068,172		45.905863,183		

E:\res\MusicRecognition\piano_test\62.wav: 56.234881,48		42.746143,32		42.582325,26		41.354657,37		38.530959,123		

E:\res\MusicRecognition\piano_test\62.wav: 99.227406,26		87.454571,48		57.401185,59		46.005847,123		37.607059,80		

E:\res\MusicRecognition\piano_test\62.wav: 111.002768,48		89.831141,32		62.279914,43		41.909299,64		41.215509,80		

